# oST version 5.0 parameters


[image]

width
640

height
480

[narrow_stereo]

camera matrix
655.279418 0.000000 332.283148
0.000000 654.812204 280.700095
0.000000 0.000000 1.000000

distortion
0.077616 -0.280951 -0.002768 0.004676 0.000000

rectification
1.000000 0.000000 0.000000
0.000000 1.000000 0.000000
0.000000 0.000000 1.000000

projection
655.460754 0.000000 334.361436 0.000000
0.000000 658.146301 279.577553 0.000000
0.000000 0.000000 1.000000 0.000000

